8×22 DataFrame
 Row │ Fork_3  Think_5  Eat_4  Hungry_4  Think_4  Think_2  Hungry_5  time       Hungry_1  Hungry_3  Eat_3  Arbiter  Eat_1  Fork_1  Think_3  Hungry_2  Eat_5  Fork_5  Fork_2  Fork_4  Think_1  Eat_2
     │ Int64   Int64    Int64  Int64     Int64    Int64    Int64     Float64    Int64     Int64     Int64  Int64    Int64  Int64   Int64    Int64     Int64  Int64   Int64   Int64   Int64    Int64
─────┼──────────────────────────────────────────────────────────────────────────────────────────────────────────────────────────────────────────────────────────────────────────────────────────────
   1 │      1        1      0         0        1        1         0  0.0               0         0      0        4      0       1        1         0      0       1       1       1        1      0
   2 │      1        1      0         0        1        0         0  0.0333475         0         0      0        3      0       1        1         1      0       1       0       1        1      0
   3 │      1        1      0         0        1        0         0  0.0414032         1         0      0        2      0       0        1         1      0       1       0       1        0      0
   4 │      0        1      0         0        1        0         0  0.493459          1         1      0        1      0       0        0         1      0       1       0       1        0      0
   5 │      0        1      0         0        1        0         0  0.717642          1         0      1        1      0       0        0         1      0       1       0       0        0      0
   6 │      1        1      0         0        1        0         0  1.2329            1         0      0        2      0       0        1         1      0       1       0       1        0      0
   7 │      1        1      0         1        0        0         0  1.33814           1         0      0        1      0       0        1         1      0       1       0       0        0      0
   8 │      0        1      0         1        0        0         0  1.51118           1         1      0        0      0       0        0         1      0       1       0       0        0      0