8×22 DataFrame
 Row │ time     Think_1   Think_2   Think_3   Think_4   Think_5   Hungry_1     Hungry_2     Hungry_3     Hungry_4     Hungry_5     Eat_1    Eat_2    Eat_3    Eat_4    Eat_5    Fork_1    Fork_2    Fork_3    Fork_4    Fork_5    Arbiter
     │ Float64  Float64   Float64   Float64   Float64   Float64   Float64      Float64      Float64      Float64      Float64      Float64  Float64  Float64  Float64  Float64  Float64   Float64   Float64   Float64   Float64   Float64
─────┼────────────────────────────────────────────────────────────────────────────────────────────────────────────────────────────────────────────────────────────────────────────────────────────────────────────────────────────────────
   1 │    0.0   1.0       1.0       1.0       1.0       1.0       0.0          0.0          0.0          0.0          0.0              0.0      0.0      0.0      0.0      0.0  1.0       1.0       1.0       1.0       1.0       4.0
   2 │    0.25  0.999774  0.999774  0.999774  0.999774  0.999774  0.000225873  0.000225873  0.000225873  0.000225873  0.000225873      0.0      0.0      0.0      0.0      0.0  0.999774  0.999774  0.999774  0.999774  0.999774  3.99887
   3 │    0.5   0.999774  0.999774  0.999774  0.999774  0.999774  0.000225873  0.000225873  0.000225873  0.000225873  0.000225873      0.0      0.0      0.0      0.0      0.0  0.999774  0.999774  0.999774  0.999774  0.999774  3.99887
   4 │    0.75  0.999774  0.999774  0.999774  0.999774  0.999774  0.000225873  0.000225873  0.000225873  0.000225873  0.000225873      0.0      0.0      0.0      0.0      0.0  0.999774  0.999774  0.999774  0.999774  0.999774  3.99887
   5 │    1.0   0.999774  0.999774  0.999774  0.999774  0.999774  0.000225873  0.000225873  0.000225873  0.000225873  0.000225873      0.0      0.0      0.0      0.0      0.0  0.999774  0.999774  0.999774  0.999774  0.999774  3.99887
   6 │    1.25  0.999774  0.999774  0.999774  0.999774  0.999774  0.000225873  0.000225873  0.000225873  0.000225873  0.000225873      0.0      0.0      0.0      0.0      0.0  0.999774  0.999774  0.999774  0.999774  0.999774  3.99887
   7 │    1.5   0.999774  0.999774  0.999774  0.999774  0.999774  0.000225873  0.000225873  0.000225873  0.000225873  0.000225873      0.0      0.0      0.0      0.0      0.0  0.999774  0.999774  0.999774  0.999774  0.999774  3.99887
   8 │    1.75  0.999774  0.999774  0.999774  0.999774  0.999774  0.000225873  0.000225873  0.000225873  0.000225873  0.000225873      0.0      0.0      0.0      0.0      0.0  0.999774  0.999774  0.999774  0.999774  0.999774  3.99887