8×21 DataFrame
 Row │ time     Think_1   Think_2   Think_3   Think_4   Think_5   Hungry_1     Hungry_2     Hungry_3     Hungry_4     Hungry_5     Eat_1    Eat_2    Eat_3    Eat_4    Eat_5    Fork_1    Fork_2    Fork_3    Fork_4    Fork_5
     │ Float64  Float64   Float64   Float64   Float64   Float64   Float64      Float64      Float64      Float64      Float64      Float64  Float64  Float64  Float64  Float64  Float64   Float64   Float64   Float64   Float64
─────┼───────────────────────────────────────────────────────────────────────────────────────────────────────────────────────────────────────────────────────────────────────────────────────────────────────────────────────────
   1 │    0.0   1.0       1.0       1.0       1.0       1.0       0.0          0.0          0.0          0.0          0.0              0.0      0.0      0.0      0.0      0.0  1.0       1.0       1.0       1.0       1.0
   2 │    0.25  0.999783  0.999783  0.999783  0.999783  0.999783  0.000216984  0.000216984  0.000216984  0.000216984  0.000216984      0.0      0.0      0.0      0.0      0.0  0.999783  0.999783  0.999783  0.999783  0.999783
   3 │    0.5   0.999783  0.999783  0.999783  0.999783  0.999783  0.000216984  0.000216984  0.000216984  0.000216984  0.000216984      0.0      0.0      0.0      0.0      0.0  0.999783  0.999783  0.999783  0.999783  0.999783
   4 │    0.75  0.999783  0.999783  0.999783  0.999783  0.999783  0.000216984  0.000216984  0.000216984  0.000216984  0.000216984      0.0      0.0      0.0      0.0      0.0  0.999783  0.999783  0.999783  0.999783  0.999783
   5 │    1.0   0.999783  0.999783  0.999783  0.999783  0.999783  0.000216984  0.000216984  0.000216984  0.000216984  0.000216984      0.0      0.0      0.0      0.0      0.0  0.999783  0.999783  0.999783  0.999783  0.999783
   6 │    1.25  0.999783  0.999783  0.999783  0.999783  0.999783  0.000216984  0.000216984  0.000216984  0.000216984  0.000216984      0.0      0.0      0.0      0.0      0.0  0.999783  0.999783  0.999783  0.999783  0.999783
   7 │    1.5   0.999783  0.999783  0.999783  0.999783  0.999783  0.000216984  0.000216984  0.000216984  0.000216984  0.000216984      0.0      0.0      0.0      0.0      0.0  0.999783  0.999783  0.999783  0.999783  0.999783
   8 │    1.75  0.999783  0.999783  0.999783  0.999783  0.999783  0.000216984  0.000216984  0.000216984  0.000216984  0.000216984      0.0      0.0      0.0      0.0      0.0  0.999783  0.999783  0.999783  0.999783  0.999783