8×21 DataFrame
 Row │ Fork_3  Think_5  Eat_4  Hungry_4  Think_4  Think_2  Hungry_5  time      Hungry_1  Hungry_3  Eat_3  Eat_1  Fork_1  Think_3  Hungry_2  Eat_5  Fork_5  Fork_2  Fork_4  Think_1  Eat_2
     │ Int64   Int64    Int64  Int64     Int64    Int64    Int64     Float64   Int64     Int64     Int64  Int64  Int64   Int64    Int64     Int64  Int64   Int64   Int64   Int64    Int64
─────┼────────────────────────────────────────────────────────────────────────────────────────────────────────────────────────────────────────────────────────────────────────────────────
   1 │      1        1      0         0        1        1         0  0.0              0         0      0      0       1        1         0      0       1       1       1        1      0
   2 │      1        1      0         0        1        0         0  0.13339          0         0      0      0       1        1         1      0       1       0       1        1      0
   3 │      1        1      0         0        1        0         0  0.153721         1         0      0      0       0        1         1      0       1       0       1        0      0
   4 │      0        1      0         0        1        0         0  0.924876         1         1      0      0       0        0         1      0       1       0       1        0      0
   5 │      0        1      0         0        1        0         0  1.14906          1         0      1      0       0        0         1      0       1       0       0        0      0
   6 │      1        1      0         0        1        0         0  1.66431          1         0      0      0       0        1         1      0       1       0       1        0      0
   7 │      1        1      0         1        0        0         0  1.84384          1         0      0      0       0        1         1      0       1       0       0        0      0
   8 │      0        1      0         1        0        0         0  2.01689          1         1      0      0       0        0         1      0       1       0       0        0      0